1146	903
759	253
794	156
757	526
1164	607
884	142
1386	852
1645	859
1011	904
1129	52
1680	85
628	726
624	816
1089	392
1525	129
1055	271
1499	730
1005	347
1073	652
1744	122
1051	855
1061	267
949	526
614	497
391	123
1205	370
398	641
164	866
763	255
1217	539
600	844
946	148
1271	50
305	465
695	440
826	55
1478	98
1526	932
1282	352
1423	410
1408	558
210	705
1466	422
677	174
460	271
1315	915
1542	690
1659	494
1450	572
1069	271
1210	736
535	870
1654	947
1506	161
1227	118
433	710
1011	407
1712	673
1204	588
1396	330
400	614
1071	542
1072	378
1690	184
1574	650
319	459
945	347
1640	267
971	861
1410	294
69	289
239	632
615	943
435	562
432	528
219	837
347	449
589	347
876	712
1572	108
1032	689
1235	326
719	577
707	641
240	470
822	835
404	560
986	173
657	342
507	545
574	946
1592	224
1132	752
1528	390
943	321
404	255
1202	473
1531	125
1538	434
827	754
1126	664
382	669
1473	463
1500	385
917	152
923	61
1131	873
1527	862
827	475
213	367
909	752
1686	344
500	606
1305	583
1645	875
101	851
272	493
210	686
710	763
1591	107
398	193
145	305
449	313
1562	924
609	641
360	478
1487	166
1351	197
501	212
190	859
175	528
1383	127
239	511
1661	172
132	64
1118	360
1368	365
295	643
537	306
1491	274
1362	252
773	867
307	570
1410	231
950	819
1654	280
174	539
928	428
1358	891
1677	486
1512	152
866	136
1012	372
489	926
1155	941
1257	123
789	863
696	631
1534	917
835	109
178	255
1317	91
1337	819
408	295
926	593
1720	376
820	586
101	126
842	745
1029	283
156	126
321	892
738	481
796	208
553	662
1214	617
398	395
1126	589
532	725
1292	63
1706	777
1582	78
874	503
1169	67
1381	662
669	220
58	796
1009	773
154	743
214	332
1122	193
944	272
634	805
371	159
703	535
59	737
1587	799
121	541
1696	345
946	523
1185	933
342	547
1666	555
1475	702
1089	342
1606	654
303	298
1436	877
353	187
1622	231
945	625
757	273
453	939
879	151
627	311
254	569
256	348
1612	403
1073	447
1139	82
386	936
1588	591
1298	563
162	166
851	882
1419	931
1304	213
1746	350
1343	152
337	366
200	626
103	282
387	249
651	259
901	193
239	77
1226	530
480	849
1333	921
1278	612
425	162
568	458
507	182
1659	829
437	712
1227	465
1318	345
1088	718
1637	249
1522	830
1692	425
1125	789
52	872
1401	509
779	518
1229	662
1403	132
187	316
1070	149
1471	610
1420	185
149	100
892	721
502	804
559	380
635	449
724	74
1396	752
889	518
364	84
871	621
1710	65
676	930
421	610
1733	216
1482	888
1028	637
1314	299
1344	289
379	309
1100	782
1584	169
1627	328
89	586
360	68
225	113
535	167
1390	821
216	581
1306	334
156	343
1253	536
720	458
1236	859
205	798
381	344
737	943
878	767
779	624
814	557
98	369
1567	252
1730	295
835	601
1004	696
1282	718
1427	805
1202	802
244	497
645	550
130	478
1524	426
1561	663
1624	413
906	149
785	271
231	451
1508	405
727	406
527	454
1000	81
581	316
158	118
324	177
413	554
361	226
1269	272
394	323
1234	154
1544	569
998	107
550	808
233	813
538	324
1048	611
1701	408
967	283
1154	774
1334	79
1340	178
223	65
86	154
945	353
1109	675
984	947
488	786
1441	919
1311	786
711	942
974	266
1616	622
874	98
190	101
814	755
969	707
544	705
249	318
1538	734
1242	943
1216	785
752	920
853	468
214	908
906	887
1367	495
1544	893
1255	432
973	745
1188	141
185	524
468	334
975	705
520	905
878	510
743	134
1632	534
650	715
1622	68
300	847
1670	947
877	413
1639	275
768	248
586	453
1346	125
1150	371
175	377
121	119
623	94
730	590
798	497
171	777
929	565
429	876
405	451
1111	540
1498	930
1069	875
189	406
1693	913
1663	494
1667	106
990	107
1426	187
539	600
1462	635
1214	648
1675	355
909	427
1232	238
604	144
1362	572
826	479
88	449
1093	435
1123	130
1228	677
726	539
526	505
1599	172
307	121
1694	143
191	612
468	588
323	775
608	433
1085	607
706	183
280	208
365	673
88	379
1639	788
732	740
236	116
173	810
447	655
1016	227
205	208
89	620
1508	444
1319	782
433	121
1119	392
1171	58
101	249
107	731
1478	633
1697	762
1620	204
1288	828
464	71
799	696
586	456
912	769
1116	732
193	110
1024	128
1647	790
552	685
1046	81
1376	690
832	848
831	337
705	557
415	857
104	79
1140	771
217	718
1116	62
1007	238
124	729
382	935
667	357
1033	196
1231	789
1073	708
409	230
942	107
1743	891
1276	137
1466	914
418	562
1319	406
1283	702
322	790
1505	319
1301	614
1231	338
619	816
364	391
580	373
1359	534
146	391
1038	719
746	412
289	185
1113	333
1283	679
563	701
1724	599
101	276
1512	701
687	476
705	244
737	287
368	632
1011	383
557	280
1568	307
408	110
908	512
108	118
935	685
671	924
1006	271
1325	231
1520	692
694	690
690	818
235	309
1328	809
725	894
128	90
1077	217
302	784
831	159
1437	142
1302	419
1564	157
1690	112
274	116
77	571
1000	514
224	624
302	69
517	80
409	425
1554	117
1363	511
1309	571
1005	524
1569	127
722	930
258	414
629	583
139	751
853	817
700	386
209	266
1178	682
900	764
708	338
1147	192
557	833
1452	117
672	500
256	720
424	904
917	948
516	85
670	105
599	341
933	218
1258	654
698	371
251	496
966	203
190	455
1399	103
1292	458
419	353
1147	264
1373	333
1425	372
295	77
692	724
918	644
1450	702
772	449
1020	848
776	555
1680	598
1301	271
809	922
408	116
156	148
1160	366
1504	864
1044	157
187	290
452	533
1263	264
574	568
1668	222
228	144
1224	683
1734	348
846	437
721	135
1473	776
427	112
348	804
1312	280
886	924
678	805
1308	158
1012	559
1496	817
825	517
861	638
200	903
861	384
837	820
702	239
1183	427
1212	309
1192	399
1182	680
173	780
685	639
214	852
1714	188
1376	71
1599	115
768	371
172	489
1655	333
816	279
1612	745
319	814
1145	532
268	944
1350	293
692	658
940	797
158	271
217	860
858	660
1398	574
1397	177
1034	474
886	563
1315	194
919	448
1344	836
1535	913
60	206
1128	762
517	906
239	733
65	148
256	453
667	516
1728	750
904	879
688	728
348	458
543	896
1095	683
297	498
1476	389
1416	355
153	863
705	755
934	241
995	825
868	324
187	604
1187	491
835	907
688	78
687	787
1357	367
907	120
743	559
1202	450
317	84
396	511
1174	558
194	414
233	272
1139	286
1318	905
1175	942
1418	227
177	285
1075	544
931	363
1534	488
441	127
326	203
987	415
198	873
947	686
952	492
287	676
121	766
1437	601
873	444
985	600
1587	322
220	866
1370	76
1278	108
658	371
338	222
486	286
83	294
1440	420
1363	237
308	503
468	213
1123	766
767	225
154	636
1516	769
1614	114
1221	277
347	763
1022	745
1362	562
66	880
218	100
166	155
1674	789
1690	309
624	575
1346	880
782	621
1738	249
1106	670
916	558
1609	809
1508	611
448	204
1354	791
206	574
1501	112
878	278
948	317
717	600
837	369
226	906
95	542
1126	932
1109	339
1087	53
1482	311
673	848
1244	78
555	192
1119	710
1177	732
195	132
1426	943
1350	61
645	440
1744	625
1513	283
1658	487
897	401
1094	418
975	669
1057	75
773	527
822	331
890	506
847	66
1663	934
63	372
1126	812
1375	799
533	223
1055	309
960	831
1276	338
476	821
1559	783
1028	111
1281	567
1378	750
871	655
1080	162
213	486
893	449
926	802
750	84
551	878
1701	415
413	77
1317	336
475	776
1194	540
525	228
524	802
1678	167
1427	193
1348	777
828	133
317	446