169	446
1109	398
1090	778
231	52
1045	782
452	497
226	136
994	669
1413	796
1563	875
1093	697
526	750
1253	736
1419	86
1328	646
912	750
1185	252
996	679
336	72
124	837
640	725
1014	81
1281	575
705	147
530	166
160	351
572	835
487	188
1671	111
879	644
614	463
267	707
1069	247
651	527
846	394
1389	205
281	387
1016	659
1171	496
1513	569
1122	168
106	145
1434	447
241	859
608	774
866	366
88	720
621	379
998	545
1498	935
669	520
55	864
1211	252
872	625
1346	729
1522	811
77	286
1454	877
1479	513
1719	938
849	774
1179	319
665	548
1470	123
1555	244
225	688
1077	523
505	945
1463	652
1668	101
679	453
1041	388
1090	536
825	207
752	714
598	542
209	918
347	567
1539	387
1167	770
1137	541
1675	549
1103	367
1379	385
501	163
237	230
194	501
965	672
701	414
1628	772
1167	449
520	703
793	316
998	238
1413	342
1303	626
1371	168
1349	782
1597	298
958	712
1544	277
1699	340
480	567
558	809
451	911
222	534
745	534
440	517
148	255
944	580
1411	260
1178	608
1726	517
1571	407
1385	487
844	221
1009	469
921	883
1351	63
1284	261
656	229
1425	767
1555	62
1355	207
475	647
1668	785
372	562
645	687
537	448
69	104
685	859
1383	249
839	861
113	480
488	583
520	369
1691	566
1426	894
95	408
1603	942
1565	519
871	662
1470	863
167	752
1541	469
1006	570
1731	84
563	775
1066	99
1113	281
572	134
237	664
917	563
605	371
1043	805
1210	717
823	348
1269	901
1012	731
1616	195
1546	460
1652	487
161	258
326	425
384	197
966	744
1613	337
1659	651
1281	449
786	410
1709	680
1735	649
1544	755
558	504
642	351
1052	267
1027	624
525	113
305	727
1206	769
1558	549
1711	476
1456	582
187	914
132	518
1213	711
835	398
1519	238
1077	598
570	314
360	202
1448	837
368	227
1450	407
329	326
410	835
930	344
894	941
1190	185
756	516
461	363
545	279
1388	666
1009	927
114	714
1544	491
786	165
1675	641
1606	247
118	889
507	540
795	852
1452	262
329	483
1681	136
1342	878
1253	588
339	288
1399	552
985	541
538	111
1265	496
64	927
713	830
1337	794
471	87
269	99
771	212
712	499
1065	507
1715	586
1273	872
151	392
903	552
1506	209
359	672
518	817
1677	727
938	472
1039	801
1116	374
495	110
141	827
1172	707
292	559
1434	491
254	392
1530	125
1152	517
512	682
1716	300
1112	339
297	480
1444	810
1208	333
916	278
1075	464
667	308
1558	774
490	644
1511	198
1696	249
904	308
996	918
107	410
472	786
1148	721
483	751
87	352
1177	484
518	793
748	340
744	392
1483	623
1319	583
1463	588
211	336
978	760
1708	602
507	599
841	478
1633	184
604	177
920	732
713	852
306	844
1408	285
1691	132
256	582
979	162
1482	247
305	515
964	344
765	168
193	193
92	799
401	383
1660	849
1523	224
1035	170
991	402
1421	145
647	472
1326	874
141	302
130	113
1010	636
275	752
1343	772
1321	645
933	773
518	351
1104	75
841	295
1305	476
1601	760
1724	888
1298	740
701	382
1480	465
899	708
249	92
1543	346
1182	740
739	210
114	671
131	723
1477	123
170	843
651	936
1513	415
413	318
233	256
571	282
1423	624
1633	534
137	420
1416	467
1217	108
184	466
762	351
1279	623
1206	118
721	190
498	536
1176	107
1733	817
1599	469
1697	312
1306	136
613	94
698	269
764	373
1495	283
392	150
183	779
1277	480
1585	75
56	866
499	189
649	384
1566	208
1716	877
880	665
1273	429
1693	424
163	586
1201	201
1524	565
689	794
1592	349
58	819
1722	151
1633	93
580	524
282	692
1502	332
1566	783
1126	467
947	702
1548	855
774	240
130	578
1580	339
1215	618
1539	262
996	636
1126	469
133	569
396	744
658	779
1386	926
157	944
1615	241
179	576
1316	471
351	450
157	303
172	130
435	427
736	138
1454	810
1302	339
1518	607
1569	234
1233	572
954	288
511	168
847	63
1127	732
1279	87
572	385
342	418
1712	86
735	893
240	160
145	443
571	726
1473	739
1722	490
507	450
850	506
1080	862
494	357
812	227
440	70
754	489
1473	664
84	939
577	259
333	299
969	735
1326	586
377	890
1018	359
938	257
750	656
449	684
527	762
1390	411
1047	251
355	942
1016	829
1257	83
873	248
1189	127
951	601
1578	259
664	255
90	555
1511	364
555	122
347	298
336	376
605	491
1332	651
1069	478
1480	276
1209	235
100	475
1162	327
492	747
118	494
1689	726
315	350
1404	379
1141	145
1332	306
1661	347
1499	364
1449	405
542	532
445	826
514	940
553	100
424	564
535	427
1382	138
1112	591
860	313
1038	599
1392	376
1336	367
861	248
513	838
768	50
1143	353
1394	68
836	161
1651	406
69	119
1171	485
1523	219
226	676
1399	526
1570	647
1681	506
485	765
1732	649
79	881
1026	228
1513	829
755	906
1467	380
1621	820
1705	747
283	245
1012	939
1038	216
1173	909
1529	866
1715	386
669	730
1498	646
1065	899
360	637
1001	662
303	653
134	549
1350	487
673	407
477	629
1536	197
1584	841
730	527
1643	245
684	241
1668	275
654	341
1074	811
1107	506
1722	67
917	934
1594	359
1274	65
1446	307
64	878
318	62
1328	231
1693	200
108	274
236	233
827	939
284	201
1703	418
1602	184
631	813
1429	460
883	805
1018	497
1300	650
607	265
1529	185
1302	585
1615	836
1569	384
58	910
640	295
1405	780
887	757
1517	620
278	262
1091	488
239	856
815	743
110	193
500	189
597	508
752	356
939	850
698	256
424	129
1612	879
1106	429
1696	641
637	115
1179	896
942	652
1524	824
1250	602
1608	796
387	210
438	285
1120	162
1278	315
1446	509
111	409
1208	326
401	837
371	482
823	498
495	579
1026	378
721	797
1343	137
1161	883
490	124
1573	584
78	346
217	316
1411	622
1115	391
152	949
1379	208
686	67
1639	354
498	197
400	552
813	743
552	383
290	105
609	415
458	694
1496	823
1457	469
1540	601
1074	860
582	822
115	136
1516	406
242	599
1218	641
1396	89
212	371
289	77
883	365
1619	731
257	221
1308	200
512	867
97	738
899	818
1551	779
1194	900
901	569
1143	57
898	180
763	391
1747	611
152	59
577	853
1274	452
744	512
1669	86
843	421
840	221
363	808
184	183
1563	221
1276	560
1451	88
1697	297
174	793
1283	445
262	621
1259	149
910	306
1033	654
746	858
1381	122
927	464
273	543
896	875
546	871
1258	543
1360	842
391	874
557	330
245	480
1498	494
685	511
717	621
212	634
1583	933
942	901
1146	624
1614	522
555	755
1494	659
217	672
1567	945
690	398
63	166
683	943
595	315
1340	341
924	512
1614	258
698	124
133	308
1547	555
1042	537
69	524
618	568
487	829
1182	91
1323	580
1501	940
1513	136
188	908